0 138 144 153 155 150 138 156 155 153 148 150 138 150 142 150 150 141 147 150 138 147 157 157 134 147 145 157 102 157 157 157 147 147 142 142 93 93 147 144 144 144 144 147 144 144 144 145 147 147 147 147 147 147 147 147 147 144 154 144 149 144 143 159 149 149 160 185 143 140 140 137 138 154 147 140 140 140 137 137 131 135 201 201 147 195 186 186 152 140 143 138 150 156 150 150 157 150 145 145 166 135 150 138 135 144 135 138 135 150 141 150 150 147 161 149 143 161 141 153 153 150
138 0 130 48 92 21 76 89 167 95 87 48 21 36 144 69 69 33 127 24 12 33 103 91 77 36 135 97 150 91 91 91 36 36 75 75 90 90 33 33 33 33 33 33 30 30 45 91 24 36 24 24 24 24 24 24 24 21 91 30 80 36 83 72 83 128 103 158 83 83 83 83 21 82 21 92 80 80 83 77 83 108 181 181 30 136 148 148 95 83 83 24 36 88 36 36 85 33 69 69 133 82 12 0 83 92 36 33 30 48 94 36 36 45 148 127 115 145 42 140 140 149
144 130 0 118 155 133 102 161 174 167 132 142 127 130 132 127 127 139 141 142 130 151 162 150 150 154 120 168 147 162 162 162 142 142 144 144 141 141 139 151 151 151 151 151 148 148 163 174 142 130 130 130 130 142 142 142 142 139 162 148 137 154 144 130 140 137 162 140 144 156 156 144 139 153 139 153 153 153 156 150 132 172 171 171 148 132 144 144 168 144 144 142 154 156 142 142 156 154 141 141 138 111 130 130 155 164 154 139 148 166 96 154 154 163 164 182 140 173 151 142 142 187
153 48 118 0 89 42 94 107 167 107 99 48 36 24 144 72 72 36 151 48 48 48 103 91 95 48 159 109 162 103 103 103 27 27 87 87 105 105 36 48 48 48 48 48 48 48 60 103 48 48 36 36 36 48 48 48 48 48 109 48 95 54 83 72 95 128 103 164 83 95 95 83 48 112 48 107 95 95 101 95 107 120 181 181 48 160 160 160 107 83 83 48 48 103 36 36 103 48 87 87 166 106 36 48 107 107 48 36 48 60 106 48 48 57 163 136 139 157 48 116 116 149
155 92 155 89 0 80 104 101 182 113 110 107 95 95 155 131 131 95 159 92 92 95 98 110 110 95 146 110 164 110 110 110 95 95 98 98 119 119 95 95 95 95 95 95 95 95 95 110 83 104 92 92 92 92 92 92 92 92 98 83 105 95 110 131 105 126 110 174 110 110 110 110 95 107 92 122 110 110 110 110 122 164 180 180 95 159 171 171 110 110 110 95 95 114 95 95 98 95 98 98 164 80 92 92 113 113 95 95 95 83 116 95 95 95 156 144 129 153 95 134 134 149
150 21 133 42 80 0 79 92 179 107 99 60 42 48 156 81 81 45 139 36 33 45 115 103 86 48 156 109 162 103 103 103 48 48 87 87 93 93 45 45 45 45 45 45 33 33 57 103 36 48 36 36 36 36 36 36 36 24 94 33 92 45 95 84 95 140 115 167 95 95 95 95 42 91 24 95 83 83 92 86 104 120 193 193 33 157 160 160 116 95 95 45 48 91 48 48 88 45 81 81 142 91 24 21 104 95 48 45 33 60 106 48 48 57 151 139 127 157 45 140 140 146
138 76 102 94 104 79 0 71 168 95 81 94 67 82 141 118 118 70 132 79 76 82 99 87 72 79 141 96 141 90 90 90 82 82 72 72 72 72 70 70 70 70 70 70 58 58 82 90 79 91 79 79 79 79 79 79 79 67 84 70 68 76 81 115 65 113 102 140 84 84 84 84 67 87 67 81 69 69 81 75 93 154 177 177 58 150 153 153 105 84 81 76 79 72 82 82 78 76 57 57 138 36 79 76 92 83 82 70 58 91 45 79 79 91 140 128 125 155 91 151 151 157
156 89 161 107 101 92 71 0 177 36 107 107 92 95 164 131 131 95 112 92 89 95 81 69 84 95 164 75 159 69 69 69 95 95 95 95 90 90 95 95 95 95 95 95 83 83 107 69 92 104 92 92 92 92 92 92 92 80 51 71 93 92 93 131 93 138 81 165 93 93 93 93 92 66 80 93 81 81 90 84 102 167 157 157 83 130 133 133 114 93 93 92 95 55 95 95 45 92 92 92 117 83 92 89 33 24 95 95 83 107 107 95 95 104 115 103 100 130 104 152 152 158
155 167 174 167 182 179 168 177 0 159 162 155 167 164 141 164 164 167 160 167 167 167 180 180 120 167 159 180 119 180 180 180 158 158 150 150 155 155 167 155 155 155 155 167 167 167 155 162 167 167 167 167 167 167 167 164 164 167 180 167 173 167 120 164 173 161 180 125 120 108 108 120 167 180 167 120 120 120 120 120 120 167 202 202 167 190 181 181 120 120 120 167 167 181 167 167 180 164 150 150 177 168 167 167 177 177 167 167 167 167 168 167 167 167 178 154 172 163 176 181 181 163
153 95 167 107 113 107 95 36 159 0 107 107 95 95 164 131 131 95 115 92 92 95 81 69 93 95 167 75 159 69 69 69 95 95 83 83 96 96 95 83 83 83 83 95 95 95 95 69 95 107 95 95 95 95 95 92 92 95 75 95 93 101 93 131 93 138 81 174 93 81 81 87 95 78 95 99 87 87 93 87 99 149 145 145 89 130 130 130 102 78 93 95 95 67 95 95 69 92 83 83 132 107 95 95 36 36 83 95 95 107 107 95 95 92 127 103 103 133 101 152 152 158
148 87 132 99 110 99 81 107 162 107 0 63 84 87 96 123 123 84 143 87 87 84 102 90 78 75 90 102 130 96 96 96 87 87 48 48 91 91 84 84 84 84 84 81 84 84 96 102 87 75 87 87 87 84 84 87 87 87 108 87 86 81 78 111 62 110 114 146 90 90 90 90 84 111 87 78 78 78 90 90 78 135 179 179 84 158 158 158 114 90 78 75 63 89 87 87 102 75 45 45 156 96 87 87 101 101 87 84 84 72 45 60 60 93 135 102 129 135 96 149 149 167
150 48 142 48 107 60 94 107 155 107 63 0 48 33 135 72 72 36 148 48 48 48 103 91 95 48 135 109 150 103 103 103 36 36 87 87 93 93 36 48 48 48 48 48 48 48 60 103 48 24 36 36 36 48 48 48 48 48 109 48 95 54 83 72 95 107 103 143 83 95 95 83 48 112 48 95 95 95 101 95 83 96 157 157 48 148 160 160 107 83 83 48 48 103 36 36 103 48 87 87 157 106 36 48 107 107 48 36 48 57 79 45 45 54 142 103 130 136 57 140 140 158
138 21 127 36 95 42 67 92 167 95 84 48 0 24 132 72 72 24 136 33 21 36 100 88 74 33 135 97 150 91 91 91 36 36 75 75 90 90 24 24 24 24 24 24 21 21 36 91 33 45 33 33 33 33 33 33 33 30 94 33 83 33 80 69 80 128 103 158 83 83 83 83 12 91 30 89 77 77 83 77 83 108 181 181 21 145 157 157 95 83 80 21 33 85 36 36 88 33 63 63 145 88 33 21 83 92 36 24 21 45 91 33 33 45 148 127 124 154 45 128 128 149
150 36 130 24 95 48 82 95 164 95 87 33 24 0 129 60 60 24 139 36 36 36 91 79 83 36 141 91 144 85 85 85 24 24 75 75 93 93 24 36 36 36 36 36 36 36 48 91 36 36 24 24 24 36 36 36 36 36 97 36 83 42 71 60 83 116 91 152 71 83 83 71 36 100 36 95 83 83 83 83 95 108 166 166 36 148 148 148 95 71 71 36 36 91 24 24 91 36 75 75 154 94 24 36 89 89 36 24 36 48 94 36 36 45 145 121 127 145 45 116 116 149
142 144 132 144 155 156 141 164 141 164 96 135 132 129 0 144 144 144 143 144 144 141 159 159 147 144 108 159 133 159 159 159 144 144 105 105 151 151 144 144 144 144 144 141 144 144 144 147 144 147 144 144 144 141 141 144 144 144 159 144 143 144 147 144 131 146 159 164 147 147 147 147 144 159 144 150 147 147 147 147 150 117 185 185 144 182 149 149 159 147 147 144 132 158 144 144 159 144 105 105 162 141 144 144 164 164 144 144 144 132 132 132 132 144 153 144 147 159 153 161 161 170
150 69 127 72 131 81 118 131 164 131 123 72 72 60 144 0 0 48 112 69 69 54 121 109 113 66 117 127 147 121 121 121 54 54 105 105 123 123 54 66 66 66 66 66 66 66 78 121 63 63 51 51 51 63 63 63 63 63 127 66 107 78 107 24 119 125 127 152 107 119 119 107 72 133 69 131 119 119 125 119 131 108 151 151 72 109 130 130 131 107 107 72 72 127 60 60 127 72 111 111 127 130 57 69 122 122 63 51 63 84 130 72 72 81 127 142 124 136 69 119 119 155
150 69 127 72 131 81 118 131 164 131 123 72 72 60 144 0 0 48 112 69 69 54 121 109 113 66 117 127 147 121 121 121 54 54 105 105 123 123 54 66 66 66 66 66 66 66 78 121 63 63 51 51 51 63 63 63 63 63 127 66 107 78 107 24 119 125 127 152 107 119 119 107 72 133 69 131 119 119 125 119 131 108 151 151 72 109 130 130 131 107 107 72 72 127 60 60 127 72 111 111 127 130 57 69 122 122 63 51 63 84 130 72 72 81 127 142 124 136 69 119 119 155
141 33 139 36 95 45 70 95 167 95 84 36 24 24 144 48 48 0 124 33 33 30 82 70 74 27 141 91 144 85 85 85 18 18 69 69 87 87 6 18 18 18 18 18 18 18 30 85 27 27 15 15 15 27 27 27 27 27 91 30 83 39 68 57 80 116 91 152 71 83 83 71 24 97 33 92 80 80 89 83 95 108 169 169 24 145 145 145 95 71 68 33 33 88 24 24 91 33 63 63 151 94 21 33 86 86 27 3 15 45 91 33 33 45 151 124 124 142 45 128 128 149
147 127 141 151 159 139 132 112 160 115 143 148 136 139 143 112 112 124 0 127 127 118 130 118 139 133 143 124 120 118 118 118 133 133 131 131 129 129 130 130 130 130 130 118 130 130 142 127 121 130 121 121 121 109 109 121 121 121 121 130 134 145 145 127 134 143 136 158 145 145 145 145 136 121 127 154 145 145 151 145 154 169 129 129 136 105 87 87 178 145 145 139 136 84 139 139 121 139 134 134 115 144 127 127 106 106 130 127 127 148 141 136 136 148 122 125 101 119 145 171 171 156
150 24 142 48 92 36 79 92 167 92 87 48 33 36 144 69 69 33 127 0 12 33 103 91 83 36 147 97 150 91 91 91 36 36 75 75 93 93 33 33 33 33 33 33 33 33 45 91 24 36 24 24 24 24 24 21 21 24 94 33 68 42 83 72 83 128 103 164 83 83 83 83 33 88 24 92 80 80 86 80 92 93 178 178 30 145 145 145 104 80 77 30 30 85 30 30 82 33 72 72 142 91 24 24 95 95 36 33 33 48 94 36 36 45 151 127 115 145 18 140 140 149
138 12 130 48 92 33 76 89 167 92 87 48 21 36 144 69 69 33 127 12 0 33 103 91 77 36 135 97 150 91 91 91 36 36 75 75 90 90 33 33 33 33 33 33 30 30 45 91 24 36 24 24 24 24 24 24 24 21 91 30 80 36 83 72 83 128 103 158 83 83 83 83 21 82 21 89 77 77 80 74 80 105 178 178 27 133 145 145 92 80 77 18 30 82 30 30 79 36 72 72 136 85 24 12 83 92 36 33 30 48 94 36 36 45 148 127 115 145 30 140 140 149
147 33 151 48 95 45 82 95 167 95 84 48 36 36 141 54 54 30 118 33 33 0 91 79 71 24 135 85 135 79 79 79 24 24 63 63 81 81 24 24 24 24 24 12 24 24 36 79 21 33 21 21 21 9 9 21 21 21 85 24 71 42 83 72 80 128 103 164 83 83 83 83 36 97 33 95 83 83 89 83 95 108 181 181 36 157 157 157 107 83 83 36 33 91 36 36 91 36 75 75 151 94 33 33 92 92 33 33 33 45 91 33 33 45 151 115 124 154 33 140 140 149
157 103 162 103 98 115 99 81 180 81 102 103 100 91 159 121 121 82 130 103 103 91 0 12 84 79 132 30 142 30 30 30 79 79 90 90 103 103 76 88 88 88 88 88 88 88 88 36 91 91 79 79 79 91 91 91 91 91 36 91 102 91 84 115 90 111 36 171 96 108 108 96 100 48 103 108 96 96 102 108 120 172 142 142 100 136 136 136 96 96 84 91 91 76 91 91 48 91 99 99 105 90 91 103 72 72 100 85 97 79 102 91 91 103 118 100 100 118 112 124 124 154
157 91 150 91 110 103 87 69 180 69 90 91 88 79 159 109 109 70 118 91 91 79 12 0 72 67 144 24 142 18 18 18 67 67 78 78 91 91 64 76 76 76 76 76 76 76 88 24 79 79 67 67 67 79 79 79 79 79 30 79 90 85 72 103 78 123 36 159 84 96 96 84 88 45 91 96 84 84 96 96 108 163 154 154 88 133 133 133 108 84 72 79 79 64 79 79 36 79 87 87 99 102 79 91 60 60 88 73 85 91 90 79 79 100 118 97 100 118 100 136 136 157
134 77 150 95 110 86 72 84 120 93 78 95 74 83 147 113 113 74 139 83 77 71 84 72 0 59 126 84 125 78 78 78 71 71 66 66 65 65 68 68 68 68 68 68 59 59 80 84 71 83 71 71 71 71 71 71 71 62 81 62 89 65 24 107 77 134 108 158 36 36 36 36 74 93 74 27 15 15 24 24 42 155 187 187 71 160 166 166 54 36 24 65 71 76 83 83 87 71 75 75 147 84 83 77 78 75 80 77 68 83 84 71 71 92 145 136 136 166 92 145 145 154
147 36 154 48 95 48 79 95 167 95 75 48 33 36 144 66 66 27 133 36 36 24 79 67 59 0 129 67 132 61 61 61 24 24 63 63 81 81 21 21 21 21 21 21 21 21 33 67 24 36 24 24 24 24 24 21 21 24 85 24 83 30 71 60 71 128 103 164 83 83 83 83 33 100 36 83 71 71 83 83 95 108 181 181 33 160 160 160 107 83 71 24 24 79 36 36 91 21 72 72 154 94 36 36 86 86 21 30 30 36 82 24 24 33 145 127 115 157 45 140 140 149
145 135 120 159 146 156 141 164 159 167 90 135 135 141 108 117 117 141 143 147 135 135 132 144 126 129 0 138 124 138 138 138 135 135 96 96 136 136 135 135 135 135 135 135 132 132 135 150 135 123 135 135 135 135 135 135 135 132 147 132 146 135 144 117 140 119 162 149 150 150 150 150 135 156 144 141 141 141 132 144 126 147 173 173 144 137 173 173 138 150 144 129 141 152 147 147 159 141 108 108 108 126 147 135 140 149 144 144 141 129 126 141 141 147 99 144 150 147 156 140 140 158
157 97 168 109 110 109 96 75 180 75 102 109 97 91 159 127 127 91 124 97 97 85 30 24 84 67 138 0 136 6 6 6 85 85 84 84 97 97 85 85 85 85 85 85 85 85 91 18 85 97 85 85 85 85 85 82 82 85 24 85 96 85 96 127 90 135 48 177 102 102 102 102 97 45 97 108 96 96 84 102 114 169 166 166 97 145 145 145 120 102 96 91 91 76 97 97 42 88 96 96 93 102 97 97 60 60 82 94 94 97 102 91 91 88 112 106 88 130 106 148 148 157
102 150 147 162 164 162 141 159 119 159 130 150 150 144 133 147 147 144 120 150 150 135 142 142 125 132 124 136 0 136 136 136 138 138 136 136 93 93 138 138 138 138 138 135 138 138 138 148 138 138 138 138 138 135 135 138 138 138 148 138 149 144 137 147 131 149 160 137 143 143 143 143 150 160 150 137 137 137 131 143 143 153 195 195 150 186 168 168 143 143 137 144 132 153 150 150 160 144 148 148 160 141 150 150 144 144 147 147 147 132 123 132 132 150 146 143 155 149 159 165 165 135
157 91 162 103 110 103 90 69 180 69 96 103 91 85 159 121 121 85 118 91 91 79 30 18 78 61 138 6 136 0 0 0 79 79 78 78 91 91 79 79 79 79 79 79 79 79 91 12 79 91 79 79 79 79 79 76 76 79 30 79 90 91 90 121 84 135 48 171 96 96 96 96 91 45 91 102 90 90 90 96 108 163 166 166 91 145 145 145 120 96 90 85 85 70 91 91 36 82 90 90 99 102 91 91 54 54 76 88 88 97 96 85 85 88 112 100 88 130 100 148 148 157
157 91 162 103 110 103 90 69 180 69 96 103 91 85 159 121 121 85 118 91 91 79 30 18 78 61 138 6 136 0 0 0 79 79 78 78 91 91 79 79 79 79 79 79 79 79 91 12 79 91 79 79 79 79 79 76 76 79 30 79 90 91 90 121 84 135 48 171 96 96 96 96 91 45 91 102 90 90 90 96 108 163 166 166 91 145 145 145 120 96 90 85 85 70 91 91 36 82 90 90 99 102 91 91 54 54 76 88 88 97 96 85 85 88 112 100 88 130 100 148 148 157
157 91 162 103 110 103 90 69 180 69 96 103 91 85 159 121 121 85 118 91 91 79 30 18 78 61 138 6 136 0 0 0 79 79 78 78 91 91 79 79 79 79 79 79 79 79 91 12 79 91 79 79 79 79 79 76 76 79 30 79 90 91 90 121 84 135 48 171 96 96 96 96 91 45 91 102 90 90 90 96 108 163 166 166 91 145 145 145 120 96 90 85 85 70 91 91 36 82 90 90 99 102 91 91 54 54 76 88 88 97 96 85 85 88 112 100 88 130 100 148 148 157
147 36 142 27 95 48 82 95 158 95 87 36 36 24 144 54 54 18 133 36 36 24 79 67 71 24 135 85 138 79 79 79 0 0 63 63 81 81 12 24 24 24 24 24 24 24 36 79 24 24 12 12 12 24 24 24 24 24 85 24 83 42 71 60 83 116 91 152 71 83 83 71 36 100 36 95 83 83 89 83 95 108 169 169 36 148 148 148 95 71 71 36 36 91 24 24 91 36 75 75 154 94 24 36 92 92 33 21 33 48 94 36 36 45 151 124 127 145 45 128 128 149
147 36 142 27 95 48 82 95 158 95 87 36 36 24 144 54 54 18 133 36 36 24 79 67 71 24 135 85 138 79 79 79 0 0 63 63 81 81 12 24 24 24 24 24 24 24 36 79 24 24 12 12 12 24 24 24 24 24 85 24 83 42 71 60 83 116 91 152 71 83 83 71 36 100 36 95 83 83 89 83 95 108 169 169 36 148 148 148 95 71 71 36 36 91 24 24 91 36 75 75 154 94 24 36 92 92 33 21 33 48 94 36 36 45 151 124 127 145 45 128 128 149
142 75 144 87 98 87 72 95 150 83 48 87 75 75 105 105 105 69 131 75 75 63 90 78 66 63 96 84 136 78 78 78 63 63 0 0 79 79 63 51 51 51 51 63 63 63 63 78 63 75 63 63 63 63 63 60 60 63 84 63 74 81 78 111 74 107 90 143 66 54 54 78 75 99 75 90 78 78 84 66 78 147 179 179 75 149 158 158 90 78 78 75 75 89 63 63 90 72 24 24 153 84 75 75 92 92 72 72 72 87 84 75 75 84 150 126 126 156 84 137 137 143
142 75 144 87 98 87 72 95 150 83 48 87 75 75 105 105 105 69 131 75 75 63 90 78 66 63 96 84 136 78 78 78 63 63 0 0 79 79 63 51 51 51 51 63 63 63 63 78 63 75 63 63 63 63 63 60 60 63 84 63 74 81 78 111 74 107 90 143 66 54 54 78 75 99 75 90 78 78 84 66 78 147 179 179 75 149 158 158 90 78 78 75 75 89 63 63 90 72 24 24 153 84 75 75 92 92 72 72 72 87 84 75 75 84 150 126 126 156 84 137 137 143
93 90 141 105 119 93 72 90 155 96 91 93 90 93 151 123 123 87 129 93 90 81 103 91 65 81 136 97 93 91 91 91 81 81 79 79 0 0 81 81 81 81 81 81 69 69 93 91 81 81 81 81 81 81 81 81 81 69 85 69 92 90 86 129 92 128 115 155 86 86 86 74 90 103 81 74 74 74 83 77 83 147 156 156 81 168 171 171 104 83 86 90 93 90 93 93 91 93 91 91 148 87 93 90 96 87 84 90 78 105 84 93 93 96 152 128 140 146 102 150 150 144
93 90 141 105 119 93 72 90 155 96 91 93 90 93 151 123 123 87 129 93 90 81 103 91 65 81 136 97 93 91 91 91 81 81 79 79 0 0 81 81 81 81 81 81 69 69 93 91 81 81 81 81 81 81 81 81 81 69 85 69 92 90 86 129 92 128 115 155 86 86 86 74 90 103 81 74 74 74 83 77 83 147 156 156 81 168 171 171 104 83 86 90 93 90 93 93 91 93 91 91 148 87 93 90 96 87 84 90 78 105 84 93 93 96 152 128 140 146 102 150 150 144
147 33 139 36 95 45 70 95 167 95 84 36 24 24 144 54 54 6 130 33 33 24 76 64 68 21 135 85 138 79 79 79 12 12 63 63 81 81 0 12 12 12 12 12 12 12 24 79 21 21 9 9 9 21 21 21 21 21 85 24 83 39 68 57 80 116 91 152 71 83 83 71 24 97 33 92 80 80 89 83 95 108 169 169 24 145 145 145 95 71 68 33 33 88 24 24 91 33 63 63 151 94 21 33 92 92 33 9 21 45 91 33 33 45 151 124 124 142 45 128 128 149
144 33 151 48 95 45 70 95 155 83 84 48 24 36 144 66 66 18 130 33 33 24 88 76 68 21 135 85 138 79 79 79 24 24 51 51 81 81 12 0 0 0 0 12 12 12 12 79 21 33 21 21 21 21 21 18 18 21 85 24 83 39 80 69 80 128 103 164 83 71 71 83 24 97 33 92 80 80 89 83 95 108 181 181 24 157 157 157 107 83 80 33 33 88 36 36 91 30 51 51 151 94 33 33 92 92 33 21 21 45 91 33 33 45 151 127 124 154 45 140 140 146
144 33 151 48 95 45 70 95 155 83 84 48 24 36 144 66 66 18 130 33 33 24 88 76 68 21 135 85 138 79 79 79 24 24 51 51 81 81 12 0 0 0 0 12 12 12 12 79 21 33 21 21 21 21 21 18 18 21 85 24 83 39 80 69 80 128 103 164 83 71 71 83 24 97 33 92 80 80 89 83 95 108 181 181 24 157 157 157 107 83 80 33 33 88 36 36 91 30 51 51 151 94 33 33 92 92 33 21 21 45 91 33 33 45 151 127 124 154 45 140 140 146
144 33 151 48 95 45 70 95 155 83 84 48 24 36 144 66 66 18 130 33 33 24 88 76 68 21 135 85 138 79 79 79 24 24 51 51 81 81 12 0 0 0 0 12 12 12 12 79 21 33 21 21 21 21 21 18 18 21 85 24 83 39 80 69 80 128 103 164 83 71 71 83 24 97 33 92 80 80 89 83 95 108 181 181 24 157 157 157 107 83 80 33 33 88 36 36 91 30 51 51 151 94 33 33 92 92 33 21 21 45 91 33 33 45 151 127 124 154 45 140 140 146
144 33 151 48 95 45 70 95 155 83 84 48 24 36 144 66 66 18 130 33 33 24 88 76 68 21 135 85 138 79 79 79 24 24 51 51 81 81 12 0 0 0 0 12 12 12 12 79 21 33 21 21 21 21 21 18 18 21 85 24 83 39 80 69 80 128 103 164 83 71 71 83 24 97 33 92 80 80 89 83 95 108 181 181 24 157 157 157 107 83 80 33 33 88 36 36 91 30 51 51 151 94 33 33 92 92 33 21 21 45 91 33 33 45 151 127 124 154 45 140 140 146
147 33 151 48 95 45 70 95 167 95 81 48 24 36 141 66 66 18 118 33 33 12 88 76 68 21 135 85 135 79 79 79 24 24 63 63 81 81 12 12 12 12 12 0 12 12 24 79 21 33 21 21 21 9 9 21 21 21 85 24 83 39 80 69 77 128 103 164 83 83 83 83 24 97 33 92 80 80 89 83 95 108 181 181 24 157 157 157 107 83 80 33 30 88 36 36 91 33 63 63 151 94 33 33 92 92 33 21 21 42 88 30 30 45 151 115 124 154 45 140 140 149
144 30 148 48 95 33 58 83 167 95 84 48 21 36 144 66 66 18 130 33 30 24 88 76 59 21 132 85 138 79 79 79 24 24 63 63 69 69 12 12 12 12 12 12 0 0 24 79 21 33 21 21 21 21 21 21 21 9 73 12 83 30 80 69 80 128 103 155 83 83 83 83 21 88 21 80 68 68 80 74 92 108 181 181 12 154 157 157 104 83 80 30 33 76 36 36 79 33 63 63 142 85 33 30 89 80 33 21 9 45 91 33 33 45 139 127 124 154 45 140 140 146
144 30 148 48 95 33 58 83 167 95 84 48 21 36 144 66 66 18 130 33 30 24 88 76 59 21 132 85 138 79 79 79 24 24 63 63 69 69 12 12 12 12 12 12 0 0 24 79 21 33 21 21 21 21 21 21 21 9 73 12 83 30 80 69 80 128 103 155 83 83 83 83 21 88 21 80 68 68 80 74 92 108 181 181 12 154 157 157 104 83 80 30 33 76 36 36 79 33 63 63 142 85 33 30 89 80 33 21 9 45 91 33 33 45 139 127 124 154 45 140 140 146
144 45 163 60 95 57 82 107 155 95 96 60 36 48 144 78 78 30 142 45 45 36 88 88 80 33 135 91 138 91 91 91 36 36 63 63 93 93 24 12 12 12 12 24 24 24 0 88 33 45 33 33 33 33 33 30 30 33 91 36 95 45 92 81 92 128 103 176 95 83 83 95 36 100 45 104 92 92 95 95 107 117 178 178 36 160 157 157 107 95 92 45 45 100 48 48 103 42 63 63 157 94 45 45 104 104 45 33 33 45 103 45 45 48 151 139 115 145 57 140 140 146
145 91 174 103 110 103 90 69 162 69 102 103 91 91 147 121 121 85 127 91 91 79 36 24 84 67 150 18 148 12 12 12 79 79 78 78 91 91 79 79 79 79 79 79 79 79 88 0 79 91 79 79 79 79 79 76 76 79 30 79 90 97 96 127 90 126 48 183 96 96 96 96 91 45 91 108 96 96 102 96 108 163 166 166 91 148 157 157 120 96 96 91 91 76 91 91 36 88 90 90 99 102 91 91 66 66 76 88 88 103 102 91 91 88 112 88 76 118 100 136 136 154
147 24 142 48 83 36 79 92 167 95 87 48 33 36 144 63 63 27 121 24 24 21 91 79 71 24 135 85 138 79 79 79 24 24 63 63 81 81 21 21 21 21 21 21 21 21 33 79 0 24 12 12 12 12 12 12 12 12 82 21 80 42 83 72 83 128 103 164 83 83 83 83 33 88 24 95 83 83 89 83 95 108 181 181 33 148 148 148 107 83 83 36 36 91 36 36 88 36 72 72 142 91 24 24 92 92 33 30 30 48 94 36 36 45 151 127 115 142 42 140 140 149
147 36 130 48 104 48 91 104 167 107 75 24 45 36 147 63 63 27 130 36 36 33 91 79 83 36 123 97 138 91 91 91 24 24 75 75 81 81 21 33 33 33 33 33 33 33 45 91 24 0 12 12 12 24 24 24 24 24 94 33 92 54 83 72 95 107 103 143 83 95 95 83 45 100 36 95 95 95 101 95 83 96 169 169 45 136 148 148 107 83 83 48 48 103 36 36 100 48 84 84 145 103 24 36 104 104 45 30 42 60 82 48 48 57 151 115 127 133 54 140 140 158
147 24 130 36 92 36 79 92 167 95 87 36 33 24 144 51 51 15 121 24 24 21 79 67 71 24 135 85 138 79 79 79 12 12 63 63 81 81 9 21 21 21 21 21 21 21 33 79 12 12 0 0 0 12 12 12 12 12 82 21 80 42 71 60 83 116 91 152 71 83 83 71 33 88 24 95 83 83 89 83 95 108 169 169 33 136 136 136 95 71 71 36 36 91 24 24 88 36 72 72 142 91 12 24 92 92 33 18 30 48 94 36 36 45 151 124 115 133 42 128 128 149
147 24 130 36 92 36 79 92 167 95 87 36 33 24 144 51 51 15 121 24 24 21 79 67 71 24 135 85 138 79 79 79 12 12 63 63 81 81 9 21 21 21 21 21 21 21 33 79 12 12 0 0 0 12 12 12 12 12 82 21 80 42 71 60 83 116 91 152 71 83 83 71 33 88 24 95 83 83 89 83 95 108 169 169 33 136 136 136 95 71 71 36 36 91 24 24 88 36 72 72 142 91 12 24 92 92 33 18 30 48 94 36 36 45 151 124 115 133 42 128 128 149
147 24 130 36 92 36 79 92 167 95 87 36 33 24 144 51 51 15 121 24 24 21 79 67 71 24 135 85 138 79 79 79 12 12 63 63 81 81 9 21 21 21 21 21 21 21 33 79 12 12 0 0 0 12 12 12 12 12 82 21 80 42 71 60 83 116 91 152 71 83 83 71 33 88 24 95 83 83 89 83 95 108 169 169 33 136 136 136 95 71 71 36 36 91 24 24 88 36 72 72 142 91 12 24 92 92 33 18 30 48 94 36 36 45 151 124 115 133 42 128 128 149
147 24 142 48 92 36 79 92 167 95 84 48 33 36 141 63 63 27 109 24 24 9 91 79 71 24 135 85 135 79 79 79 24 24 63 63 81 81 21 21 21 21 21 9 21 21 33 79 12 24 12 12 12 0 0 12 12 12 82 21 80 42 83 72 80 128 103 164 83 83 83 83 33 88 24 95 83 83 89 83 95 108 181 181 33 148 148 148 107 83 83 36 33 91 36 36 88 36 72 72 142 91 24 24 92 92 33 30 30 45 91 33 33 45 151 115 115 145 42 140 140 149
147 24 142 48 92 36 79 92 167 95 84 48 33 36 141 63 63 27 109 24 24 9 91 79 71 24 135 85 135 79 79 79 24 24 63 63 81 81 21 21 21 21 21 9 21 21 33 79 12 24 12 12 12 0 0 12 12 12 82 21 80 42 83 72 80 128 103 164 83 83 83 83 33 88 24 95 83 83 89 83 95 108 181 181 33 148 148 148 107 83 83 36 33 91 36 36 88 36 72 72 142 91 24 24 92 92 33 30 30 45 91 33 33 45 151 115 115 145 42 140 140 149
147 24 142 48 92 36 79 92 164 92 87 48 33 36 144 63 63 27 121 21 24 21 91 79 71 21 135 82 138 76 76 76 24 24 60 60 81 81 21 18 18 18 18 21 21 21 30 76 12 24 12 12 12 12 12 0 0 12 82 21 77 42 83 72 83 128 103 164 83 80 80 83 33 88 24 95 83 83 89 83 95 105 181 181 33 148 148 148 107 83 83 36 36 91 36 36 88 24 69 69 142 91 24 24 92 92 30 30 30 48 94 36 36 42 151 127 112 145 39 140 140 149
147 24 142 48 92 36 79 92 164 92 87 48 33 36 144 63 63 27 121 21 24 21 91 79 71 21 135 82 138 76 76 76 24 24 60 60 81 81 21 18 18 18 18 21 21 21 30 76 12 24 12 12 12 12 12 0 0 12 82 21 77 42 83 72 83 128 103 164 83 80 80 83 33 88 24 95 83 83 89 83 95 105 181 181 33 148 148 148 107 83 83 36 36 91 36 36 88 24 69 69 142 91 24 24 92 92 30 30 30 48 94 36 36 42 151 127 112 145 39 140 140 149
144 21 139 48 92 24 67 80 167 95 87 48 30 36 144 63 63 27 121 24 21 21 91 79 62 24 132 85 138 79 79 79 24 24 63 63 69 69 21 21 21 21 21 21 9 9 33 79 12 24 12 12 12 12 12 12 12 0 70 9 80 33 83 72 83 128 103 155 83 83 83 83 30 79 12 83 71 71 80 74 92 108 181 181 21 145 148 148 104 83 83 33 36 79 36 36 76 36 72 72 133 82 24 21 89 80 33 30 18 48 94 36 36 45 139 127 115 145 42 140 140 146
154 91 162 109 98 94 84 51 180 75 108 109 94 97 159 127 127 91 121 94 91 85 36 30 81 85 147 24 148 30 30 30 85 85 84 84 85 85 85 85 85 85 85 85 73 73 91 30 82 94 82 82 82 82 82 82 82 70 0 61 96 82 102 133 96 135 48 168 102 102 102 102 94 33 82 102 90 90 87 93 111 169 166 166 85 139 142 142 117 102 102 94 97 70 97 97 18 97 96 96 81 81 94 91 69 60 94 94 82 103 108 97 97 100 109 106 97 127 106 148 148 154
144 30 148 48 83 33 70 71 167 95 87 48 33 36 144 66 66 30 130 33 30 24 91 79 62 24 132 85 138 79 79 79 24 24 63 63 69 69 24 24 24 24 24 24 12 12 36 79 21 33 21 21 21 21 21 21 21 9 61 0 83 33 83 72 83 128 103 155 83 83 83 83 33 88 21 83 71 71 80 74 92 108 181 181 24 154 157 157 104 83 83 33 36 79 36 36 67 36 75 75 142 73 33 30 89 80 33 33 21 48 94 36 36 45 139 127 124 154 45 140 140 146
149 80 137 95 105 92 68 93 173 93 86 95 83 83 143 107 107 83 134 68 80 71 102 90 89 83 146 96 149 90 90 90 83 83 74 74 92 92 83 83 83 83 83 83 83 83 95 90 80 92 80 80 80 80 80 77 77 80 96 83 0 77 77 107 24 69 90 105 77 77 77 77 71 84 68 101 89 89 95 89 101 143 179 179 83 155 155 155 113 89 89 83 83 89 83 83 90 80 74 74 150 80 80 80 93 93 83 83 83 95 80 83 83 92 152 128 125 155 68 150 150 147
144 36 154 54 95 45 76 92 167 101 81 54 33 42 144 78 78 39 145 42 36 42 91 85 65 30 135 85 144 91 91 91 42 42 81 81 90 90 39 39 39 39 39 39 30 30 45 97 42 54 42 42 42 42 42 42 42 33 82 33 77 0 65 54 65 116 91 146 77 77 77 77 21 76 21 80 68 68 65 77 95 114 181 181 30 154 160 160 101 89 77 24 30 76 42 42 88 30 78 78 136 82 42 36 89 86 42 39 30 36 88 30 30 45 136 133 127 157 51 140 140 137
143 83 144 83 110 95 81 93 120 93 78 83 80 71 147 107 107 68 145 83 83 83 84 72 24 71 144 96 137 90 90 90 71 71 78 78 86 86 68 80 80 80 80 80 80 80 92 96 83 83 71 71 71 83 83 83 83 83 102 83 77 65 0 83 65 110 84 146 12 24 24 12 68 93 71 36 24 24 36 36 48 155 175 175 80 154 154 154 48 24 12 71 71 85 71 71 96 71 75 75 159 96 71 83 87 87 83 68 80 83 84 71 71 92 154 133 136 154 92 133 133 142
159 72 130 72 131 84 115 131 164 131 111 72 69 60 144 24 24 57 127 72 72 72 115 103 107 60 117 127 147 121 121 121 60 60 111 111 129 129 57 69 69 69 69 69 69 69 81 127 72 72 60 60 60 72 72 72 72 72 133 72 107 54 83 0 95 113 115 140 95 107 107 95 57 124 60 119 107 107 119 119 131 108 151 151 69 112 133 133 131 107 95 60 60 115 60 60 127 60 108 108 130 130 60 72 125 125 72 57 69 72 118 60 60 81 121 142 127 139 81 119 119 143
149 83 140 95 105 95 65 93 173 93 62 95 80 83 131 119 119 80 134 83 83 80 90 78 77 71 140 90 131 84 84 84 83 83 74 74 92 92 80 80 80 80 80 77 80 80 92 90 83 95 83 83 83 80 80 83 83 83 96 83 24 65 65 95 0 69 90 105 77 77 77 77 68 87 71 89 77 77 89 89 101 152 179 179 80 158 155 155 113 89 77 71 59 77 83 83 90 71 71 71 153 80 83 83 87 87 83 80 80 71 56 59 59 92 146 125 128 158 92 150 150 147
149 128 137 128 126 140 113 138 161 138 110 107 128 116 146 125 125 116 143 128 128 128 111 123 134 128 119 135 149 135 135 135 116 116 107 107 128 128 116 128 128 128 128 128 128 128 128 126 128 107 116 116 116 128 128 128 128 128 135 128 69 116 110 113 69 0 99 84 98 110 110 110 116 123 116 137 134 134 134 122 113 155 155 155 128 158 155 155 125 122 122 128 128 134 104 104 135 128 119 119 147 101 116 128 138 138 128 116 128 116 104 128 128 128 149 128 137 134 137 129 129 132
160 103 162 103 110 115 102 81 180 81 114 103 103 91 159 127 127 91 136 103 103 103 36 36 108 103 162 48 160 48 48 48 91 91 90 90 115 115 91 103 103 103 103 103 103 103 103 48 103 103 91 91 91 103 103 103 103 103 48 103 90 91 84 115 90 99 0 147 72 84 84 84 91 36 91 120 108 108 108 96 108 160 154 154 103 136 136 136 108 96 96 103 103 88 79 79 48 103 102 102 105 102 91 103 81 81 103 91 103 103 114 103 103 103 124 100 100 118 112 124 124 133
185 158 140 164 174 167 140 165 125 174 146 143 158 152 164 152 152 152 158 164 158 164 171 159 158 164 149 177 137 171 171 171 152 152 143 143 155 155 152 164 164 164 164 164 155 155 176 183 164 143 152 152 152 164 164 164 164 155 168 155 105 146 146 140 105 84 147 0 134 146 146 146 146 156 143 164 161 161 164 146 149 179 185 185 155 149 152 152 152 158 158 158 164 161 140 140 162 164 155 155 165 137 152 158 168 165 164 152 155 164 140 164 164 173 173 158 179 161 173 177 177 147
143 83 144 83 110 95 84 93 120 93 90 83 83 71 147 107 107 71 145 83 83 83 96 84 36 83 150 102 143 96 96 96 71 71 66 66 86 86 71 83 83 83 83 83 83 83 95 96 83 83 71 71 71 83 83 83 83 83 102 83 77 77 12 95 77 98 72 134 0 12 12 12 71 93 71 48 36 36 42 24 36 155 175 175 83 154 154 154 48 24 24 83 83 97 59 59 96 83 78 78 159 96 71 83 93 93 83 71 83 95 96 83 83 92 160 133 136 154 92 121 121 130
140 83 156 95 110 95 84 93 108 81 90 95 83 83 147 119 119 83 145 83 83 83 108 96 36 83 150 102 143 96 96 96 83 83 54 54 86 86 83 71 71 71 71 83 83 83 83 96 83 95 83 83 83 83 83 80 80 83 102 83 77 77 24 107 77 110 84 146 12 0 0 24 71 93 71 48 36 36 42 24 36 155 187 187 83 157 166 166 48 36 36 83 83 97 71 71 96 80 66 66 159 96 83 83 93 93 83 83 83 95 96 83 83 92 160 136 136 166 92 133 133 127
140 83 156 95 110 95 84 93 108 81 90 95 83 83 147 119 119 83 145 83 83 83 108 96 36 83 150 102 143 96 96 96 83 83 54 54 86 86 83 71 71 71 71 83 83 83 83 96 83 95 83 83 83 83 83 80 80 83 102 83 77 77 24 107 77 110 84 146 12 0 0 24 71 93 71 48 36 36 42 24 36 155 187 187 83 157 166 166 48 36 36 83 83 97 71 71 96 80 66 66 159 96 83 83 93 93 83 83 83 95 96 83 83 92 160 136 136 166 92 133 133 127
137 83 144 83 110 95 84 93 120 87 90 83 83 71 147 107 107 71 145 83 83 83 96 84 36 83 150 102 143 96 96 96 71 71 78 78 74 74 71 83 83 83 83 83 83 83 95 96 83 83 71 71 71 83 83 83 83 83 102 83 77 77 12 95 77 110 84 146 12 24 24 0 71 93 71 48 36 36 42 36 48 149 163 163 83 154 154 154 45 21 24 83 83 97 71 71 96 83 78 78 159 96 71 83 93 93 77 71 83 95 96 83 83 86 160 133 136 154 92 133 133 142
138 21 139 48 95 42 67 92 167 95 84 48 12 36 144 72 72 24 136 33 21 36 100 88 74 33 135 97 150 91 91 91 36 36 75 75 90 90 24 24 24 24 24 24 21 21 36 91 33 45 33 33 33 33 33 33 33 30 94 33 71 21 68 57 68 116 91 146 71 71 71 71 0 79 18 89 77 77 83 77 83 108 181 181 21 145 157 157 95 83 80 21 33 85 36 36 88 33 63 63 145 88 33 21 83 92 36 24 21 45 91 33 33 45 148 127 124 154 45 140 140 137
154 82 153 112 107 91 87 66 180 78 111 112 91 100 159 133 133 97 121 88 82 97 48 45 93 100 156 45 160 45 45 45 100 100 99 99 103 103 97 97 97 97 97 97 88 88 100 45 88 100 88 88 88 88 88 88 88 79 33 88 84 76 93 124 87 123 36 156 93 93 93 93 79 0 67 108 96 96 93 93 111 172 166 166 88 118 124 124 114 105 105 94 100 76 100 100 33 100 96 96 78 87 88 82 72 69 100 97 88 103 111 100 100 91 109 100 88 118 106 148 148 145
147 21 139 48 92 24 67 80 167 95 87 48 30 36 144 69 69 33 127 24 21 33 103 91 74 36 144 97 150 91 91 91 36 36 75 75 81 81 33 33 33 33 33 33 21 21 45 91 24 36 24 24 24 24 24 24 24 12 82 21 68 21 71 60 71 116 91 143 71 71 71 71 18 67 0 83 71 71 80 74 92 108 181 181 21 145 148 148 104 83 83 33 36 79 36 36 76 36 72 72 133 82 24 21 92 83 36 33 21 48 94 36 36 45 139 127 115 145 42 140 140 134
140 92 153 107 122 95 81 93 120 99 78 95 89 95 150 131 131 92 154 92 89 95 108 96 27 83 141 108 137 102 102 102 95 95 90 90 74 74 92 92 92 92 92 92 80 80 104 108 95 95 95 95 95 95 95 95 95 83 102 83 101 80 36 119 89 137 120 164 48 48 48 48 89 108 83 0 12 12 27 27 33 143 175 175 68 163 166 166 57 36 33 77 80 82 92 92 93 83 87 87 153 99 95 92 96 87 95 92 80 95 84 83 83 104 154 136 148 166 101 157 157 151
140 80 153 95 110 83 69 81 120 87 78 95 77 83 147 119 119 80 145 80 77 83 96 84 15 71 141 96 137 90 90 90 83 83 78 78 74 74 80 80 80 80 80 80 68 68 92 96 83 95 83 83 83 83 83 83 83 71 90 71 89 68 24 107 77 134 108 161 36 36 36 36 77 96 71 12 0 0 15 15 33 143 175 175 56 151 154 154 45 24 21 65 68 70 80 80 81 71 75 75 150 87 83 80 84 75 83 80 68 83 84 71 71 92 142 136 136 166 89 145 145 151
140 80 153 95 110 83 69 81 120 87 78 95 77 83 147 119 119 80 145 80 77 83 96 84 15 71 141 96 137 90 90 90 83 83 78 78 74 74 80 80 80 80 80 80 68 68 92 96 83 95 83 83 83 83 83 83 83 71 90 71 89 68 24 107 77 134 108 161 36 36 36 36 77 96 71 12 0 0 15 15 33 143 175 175 56 151 154 154 45 24 21 65 68 70 80 80 81 71 75 75 150 87 83 80 84 75 83 80 68 83 84 71 71 92 142 136 136 166 89 145 145 151
137 83 156 101 110 92 81 90 120 93 90 101 83 83 147 125 125 89 151 86 80 89 102 96 24 83 132 84 131 90 90 90 89 89 84 84 83 83 89 89 89 89 89 89 80 80 95 102 89 101 89 89 89 89 89 89 89 80 87 80 95 65 36 119 89 134 108 164 42 42 42 42 83 93 80 27 15 15 0 18 36 149 175 175 68 148 154 154 42 30 33 74 80 85 86 86 90 83 84 84 141 84 89 83 81 78 89 89 80 89 96 83 83 92 139 142 136 166 95 145 145 154
137 77 150 95 110 86 75 84 120 87 90 95 77 83 147 119 119 83 145 80 74 83 108 96 24 83 144 102 143 96 96 96 83 83 66 66 77 77 83 83 83 83 83 83 74 74 95 96 83 95 83 83 83 83 83 83 83 74 93 74 89 77 36 119 89 122 96 146 24 24 24 36 77 93 74 27 15 15 18 0 18 143 175 175 62 139 154 154 30 24 33 74 80 85 68 68 84 83 78 78 147 84 83 77 87 84 83 83 74 95 96 83 83 92 151 136 136 166 89 133 133 142
131 83 132 107 122 104 93 102 120 99 78 83 83 95 150 131 131 95 154 92 80 95 120 108 42 95 126 114 143 108 108 108 95 95 78 78 83 83 95 95 95 95 95 95 92 92 107 108 95 83 95 95 95 95 95 95 95 92 111 92 101 95 48 131 101 113 108 149 36 36 36 48 83 111 92 33 33 33 36 18 0 131 175 175 80 145 157 157 36 36 45 80 92 103 80 80 102 95 90 90 156 102 95 83 93 102 95 95 92 107 84 95 95 104 160 124 148 154 101 133 133 148
135 108 172 120 164 120 154 167 167 149 135 96 108 108 117 108 108 108 169 93 105 108 172 163 155 108 147 169 153 163 163 163 108 108 147 147 147 147 108 108 108 108 108 108 108 108 117 163 108 96 108 108 108 108 108 105 105 108 169 108 143 114 155 108 152 155 160 179 155 155 155 149 108 172 108 143 143 143 149 143 131 0 181 181 96 175 154 154 146 134 152 105 102 160 105 105 160 105 147 147 163 163 108 108 167 167 96 108 108 105 142 105 105 105 175 151 169 163 102 179 179 176
201 181 171 181 180 193 177 157 202 145 179 157 181 166 185 151 151 169 129 178 178 181 142 154 187 181 173 166 195 166 166 166 169 169 179 179 156 156 169 181 181 181 181 181 181 181 178 166 181 169 169 169 169 181 181 181 181 181 166 181 179 181 175 151 179 155 154 185 175 187 187 163 181 166 181 175 175 175 175 175 175 181 0 0 169 84 105 105 145 160 172 178 178 123 166 166 163 181 179 179 172 165 169 181 157 157 175 169 181 169 177 181 181 175 170 170 167 146 187 180 180 207
201 181 171 181 180 193 177 157 202 145 179 157 181 166 185 151 151 169 129 178 178 181 142 154 187 181 173 166 195 166 166 166 169 169 179 179 156 156 169 181 181 181 181 181 181 181 178 166 181 169 169 169 169 181 181 181 181 181 166 181 179 181 175 151 179 155 154 185 175 187 187 163 181 166 181 175 175 175 175 175 175 181 0 0 169 84 105 105 145 160 172 178 178 123 166 166 163 181 179 179 172 165 169 181 157 157 175 169 181 169 177 181 181 175 170 170 167 146 187 180 180 207
147 30 148 48 95 33 58 83 167 89 84 48 21 36 144 72 72 24 136 30 27 36 100 88 71 33 144 97 150 91 91 91 36 36 75 75 81 81 24 24 24 24 24 24 12 12 36 91 33 45 33 33 33 33 33 33 33 21 85 24 83 30 80 69 80 128 103 155 83 83 83 83 21 88 21 68 56 56 68 62 80 96 169 169 0 142 145 145 92 71 77 27 30 73 33 33 76 33 63 63 142 85 33 30 92 83 36 24 12 45 91 33 33 45 139 127 124 154 42 140 140 146
195 136 132 160 159 157 150 130 190 130 158 148 145 148 182 109 109 145 105 145 133 157 136 133 160 160 137 145 186 145 145 145 148 148 149 149 168 168 145 157 157 157 157 157 154 154 160 148 148 136 136 136 136 148 148 148 148 145 139 154 155 154 154 112 158 158 136 149 154 157 157 154 145 118 145 163 151 151 148 139 145 175 84 84 142 0 57 57 121 142 151 145 157 99 145 145 136 160 155 155 124 138 136 136 124 133 160 145 154 151 156 160 160 151 131 143 122 134 163 159 159 192
186 148 144 160 171 160 153 133 181 130 158 160 157 148 149 130 130 145 87 145 145 157 136 133 166 160 173 145 168 145 145 145 148 148 158 158 171 171 145 157 157 157 157 157 157 157 157 157 148 148 136 136 136 148 148 148 148 148 142 157 155 160 154 133 155 155 136 152 154 166 166 154 157 124 148 166 154 154 154 154 157 154 105 105 145 57 0 0 145 142 151 157 154 102 145 145 139 160 155 155 142 156 136 148 136 136 160 145 157 160 156 157 157 151 155 140 119 143 163 192 192 192
186 148 144 160 171 160 153 133 181 130 158 160 157 148 149 130 130 145 87 145 145 157 136 133 166 160 173 145 168 145 145 145 148 148 158 158 171 171 145 157 157 157 157 157 157 157 157 157 148 148 136 136 136 148 148 148 148 148 142 157 155 160 154 133 155 155 136 152 154 166 166 154 157 124 148 166 154 154 154 154 157 154 105 105 145 57 0 0 145 142 151 157 154 102 145 145 139 160 155 155 142 156 136 148 136 136 160 145 157 160 156 157 157 151 155 140 119 143 163 192 192 192
152 95 168 107 110 116 105 114 120 102 114 107 95 95 159 131 131 95 178 104 92 107 96 108 54 107 138 120 143 120 120 120 95 95 90 90 104 104 95 107 107 107 107 107 104 104 107 120 107 107 95 95 95 107 107 107 107 104 117 104 113 101 48 131 113 125 108 152 48 48 48 45 95 114 104 57 45 45 42 30 36 146 145 145 92 121 145 145 0 24 45 92 104 115 92 92 114 107 102 102 171 90 95 95 105 114 98 95 104 95 120 107 107 98 169 148 148 166 113 145 145 160
140 83 144 83 110 95 84 93 120 78 90 83 83 71 147 107 107 71 145 80 80 83 96 84 36 83 150 102 143 96 96 96 71 71 78 78 83 83 71 83 83 83 83 83 83 83 95 96 83 83 71 71 71 83 83 83 83 83 102 83 89 89 24 107 89 122 96 158 24 36 36 21 83 105 83 36 24 24 30 24 36 134 160 160 71 142 142 142 24 0 21 80 80 94 68 68 93 83 78 78 159 96 71 83 93 93 74 71 83 95 96 83 83 83 160 133 136 154 89 133 133 154
143 83 144 83 110 95 81 93 120 93 78 83 80 71 147 107 107 68 145 77 77 83 84 72 24 71 144 96 137 90 90 90 71 71 78 78 86 86 68 80 80 80 80 80 80 80 92 96 83 83 71 71 71 83 83 83 83 83 102 83 89 77 12 95 77 122 96 158 24 36 36 24 80 105 83 33 21 21 33 33 45 152 172 172 77 151 151 151 45 21 0 59 59 73 59 59 84 71 75 75 159 96 71 83 87 87 83 68 80 83 84 71 71 92 154 133 136 154 86 133 133 154
138 24 142 48 95 45 76 92 167 95 75 48 21 36 144 72 72 33 139 30 18 36 91 79 65 24 129 91 144 85 85 85 36 36 75 75 90 90 33 33 33 33 33 33 30 30 45 91 36 48 36 36 36 36 36 36 36 33 94 33 83 24 71 60 71 128 103 158 83 83 83 83 21 94 33 77 65 65 74 74 80 105 178 178 27 145 157 157 92 80 59 0 12 64 24 24 76 24 72 72 148 88 36 24 77 86 36 33 30 36 82 24 24 45 142 127 127 157 39 140 140 149
150 36 154 48 95 48 79 95 167 95 63 48 33 36 132 72 72 33 136 30 30 33 91 79 71 24 141 91 132 85 85 85 36 36 75 75 93 93 33 33 33 33 33 30 33 33 45 91 36 48 36 36 36 33 33 36 36 36 97 36 83 30 71 60 59 128 103 164 83 83 83 83 33 100 36 80 68 68 80 80 92 102 178 178 30 157 154 154 104 80 59 12 0 67 24 24 79 24 72 72 154 94 36 36 89 89 36 33 33 24 70 12 12 45 145 124 127 157 39 140 140 149
156 88 156 103 114 91 72 55 181 67 89 103 85 91 158 127 127 88 84 85 82 91 76 64 76 79 152 76 153 70 70 70 91 91 89 89 90 90 88 88 88 88 88 88 76 76 100 76 91 103 91 91 91 91 91 91 91 79 70 79 89 76 85 115 77 134 88 161 97 97 97 97 85 76 79 82 70 70 85 85 103 160 123 123 73 99 102 102 115 94 73 64 67 0 79 79 52 79 86 86 130 90 91 88 58 49 91 88 76 91 87 79 79 100 116 110 110 140 94 156 156 162
150 36 142 36 95 48 82 95 167 95 87 36 36 24 144 60 60 24 139 30 30 36 91 79 83 36 147 97 150 91 91 91 24 24 63 63 93 93 24 36 36 36 36 36 36 36 48 91 36 36 24 24 24 36 36 36 36 36 97 36 83 42 71 60 83 104 79 140 59 71 71 71 36 100 36 92 80 80 86 68 80 105 166 166 33 145 145 145 92 68 59 24 24 79 0 0 79 36 75 75 154 94 24 36 95 95 36 24 36 48 94 36 36 45 151 124 127 145 39 116 116 137
150 36 142 36 95 48 82 95 167 95 87 36 36 24 144 60 60 24 139 30 30 36 91 79 83 36 147 97 150 91 91 91 24 24 63 63 93 93 24 36 36 36 36 36 36 36 48 91 36 36 24 24 24 36 36 36 36 36 97 36 83 42 71 60 83 104 79 140 59 71 71 71 36 100 36 92 80 80 86 68 80 105 166 166 33 145 145 145 92 68 59 24 24 79 0 0 79 36 75 75 154 94 24 36 95 95 36 24 36 48 94 36 36 45 151 124 127 145 39 116 116 137
157 85 156 103 98 88 78 45 180 69 102 103 88 91 159 127 127 91 121 82 79 91 48 36 87 91 159 42 160 36 36 36 91 91 90 90 91 91 91 91 91 91 91 91 79 79 103 36 88 100 88 88 88 88 88 88 88 76 18 67 90 88 96 127 90 135 48 162 96 96 96 96 88 33 76 93 81 81 90 84 102 160 163 163 76 136 139 139 114 93 84 76 79 52 79 79 0 91 90 90 87 81 88 85 66 57 91 91 79 103 102 91 91 100 112 100 97 127 94 148 148 154
150 33 154 48 95 45 76 92 164 92 75 48 33 36 144 72 72 33 139 33 36 36 91 79 71 21 141 88 144 82 82 82 36 36 72 72 93 93 33 30 30 30 30 33 33 33 42 88 36 48 36 36 36 36 36 24 24 36 97 36 80 30 71 60 71 128 103 164 83 80 80 83 33 100 36 83 71 71 83 83 95 105 181 181 33 160 160 160 107 83 71 24 24 79 36 36 91 0 57 57 142 82 33 33 89 89 33 33 33 36 82 24 24 42 145 127 124 157 42 140 140 149
145 69 141 87 98 81 57 92 150 83 45 87 63 75 105 111 111 63 134 72 72 75 99 87 75 72 108 96 148 90 90 90 75 75 24 24 91 91 63 51 51 51 51 63 63 63 63 90 72 84 72 72 72 72 72 69 69 72 96 75 74 78 75 108 71 119 102 155 78 66 66 78 63 96 72 87 75 75 84 78 90 147 179 179 63 155 155 155 102 78 75 72 72 86 75 75 90 57 0 0 138 72 69 69 95 95 75 63 63 84 81 72 72 84 150 126 123 153 84 149 149 155
145 69 141 87 98 81 57 92 150 83 45 87 63 75 105 111 111 63 134 72 72 75 99 87 75 72 108 96 148 90 90 90 75 75 24 24 91 91 63 51 51 51 51 63 63 63 63 90 72 84 72 72 72 72 72 69 69 72 96 75 74 78 75 108 71 119 102 155 78 66 66 78 63 96 72 87 75 75 84 78 90 147 179 179 63 155 155 155 102 78 75 72 72 86 75 75 90 57 0 0 138 72 69 69 95 95 75 63 63 84 81 72 72 84 150 126 123 153 84 149 149 155
166 133 138 166 164 142 138 117 177 132 156 157 145 154 162 127 127 151 115 142 136 151 105 99 147 154 108 93 160 99 99 99 154 154 153 153 148 148 151 151 151 151 151 151 142 142 157 99 142 145 142 142 142 142 142 142 142 133 81 142 150 136 159 130 153 147 105 165 159 159 159 159 145 78 133 153 150 150 141 147 156 163 172 172 142 124 142 142 171 159 159 148 154 130 154 154 87 142 138 138 0 132 139 133 126 123 154 151 142 160 156 154 154 157 73 124 109 121 160 148 148 163
135 82 111 106 80 91 36 83 168 107 96 106 88 94 141 130 130 94 144 91 85 94 90 102 84 94 126 102 141 102 102 102 94 94 84 84 87 87 94 94 94 94 94 94 85 85 94 102 91 103 91 91 91 91 91 91 91 82 81 73 80 82 96 130 80 101 102 137 96 96 96 96 88 87 82 99 87 87 84 84 102 163 165 165 85 138 156 156 90 96 96 88 94 90 94 94 81 82 72 72 132 0 88 82 101 98 94 94 85 82 60 94 94 94 143 140 125 155 103 139 139 148
150 12 130 36 92 24 79 92 167 95 87 36 33 24 144 57 57 21 127 24 24 33 91 79 83 36 147 97 150 91 91 91 24 24 75 75 93 93 21 33 33 33 33 33 33 33 45 91 24 24 12 12 12 24 24 24 24 24 94 33 80 42 71 60 83 116 91 152 71 83 83 71 33 88 24 95 83 83 89 83 95 108 169 169 33 136 136 136 95 71 71 36 36 91 24 24 88 33 69 69 139 88 0 12 95 95 36 21 33 48 94 36 36 45 151 124 115 133 42 128 128 149
138 0 130 48 92 21 76 89 167 95 87 48 21 36 144 69 69 33 127 24 12 33 103 91 77 36 135 97 150 91 91 91 36 36 75 75 90 90 33 33 33 33 33 33 30 30 45 91 24 36 24 24 24 24 24 24 24 21 91 30 80 36 83 72 83 128 103 158 83 83 83 83 21 82 21 92 80 80 83 77 83 108 181 181 30 136 148 148 95 83 83 24 36 88 36 36 85 33 69 69 133 82 12 0 83 92 36 33 30 48 94 36 36 45 148 127 115 145 42 140 140 149
135 83 155 107 113 104 92 33 177 36 101 107 83 89 164 122 122 86 106 95 83 92 72 60 78 86 140 60 144 54 54 54 92 92 92 92 96 96 92 92 92 92 92 92 89 89 104 66 92 104 92 92 92 92 92 92 92 89 69 89 93 89 87 125 87 138 81 168 93 93 93 93 83 72 92 96 84 84 81 87 93 167 157 157 92 124 136 136 105 93 87 77 89 58 95 95 66 89 95 95 126 101 95 83 0 9 83 83 80 101 101 89 89 104 112 103 103 133 104 152 152 161
144 92 164 107 113 95 83 24 177 36 101 107 92 89 164 122 122 86 106 95 92 92 72 60 75 86 149 60 144 54 54 54 92 92 92 92 87 87 92 92 92 92 92 92 80 80 104 66 92 104 92 92 92 92 92 92 92 80 60 80 93 86 87 125 87 138 81 165 93 93 93 93 92 69 83 87 75 75 78 84 102 167 157 157 83 133 136 136 114 93 87 86 89 49 95 95 57 89 95 95 123 98 95 92 9 0 83 83 71 101 101 89 89 104 103 103 103 133 104 152 152 158
135 36 154 48 95 48 82 95 167 83 87 48 36 36 144 63 63 27 130 36 36 33 100 88 80 21 144 82 147 76 76 76 33 33 72 72 84 84 33 33 33 33 33 33 33 33 45 76 33 45 33 33 33 33 33 30 30 33 94 33 83 42 83 72 83 128 103 164 83 83 83 77 36 100 36 95 83 83 89 83 95 96 175 175 36 160 160 160 98 74 83 36 36 91 36 36 91 33 75 75 154 94 36 36 83 83 0 24 24 48 94 36 36 21 151 127 115 157 45 140 140 149
138 33 139 36 95 45 70 95 167 95 84 36 24 24 144 51 51 3 127 33 33 33 85 73 77 30 144 94 147 88 88 88 21 21 72 72 90 90 9 21 21 21 21 21 21 21 33 88 30 30 18 18 18 30 30 30 30 30 94 33 83 39 68 57 80 116 91 152 71 83 83 71 24 97 33 92 80 80 89 83 95 108 169 169 24 145 145 145 95 71 68 33 33 88 24 24 91 33 63 63 151 94 21 33 83 83 24 0 12 45 91 33 33 45 151 124 124 142 45 128 128 149
135 30 148 48 95 33 58 83 167 95 84 48 21 36 144 63 63 15 127 33 30 33 97 85 68 30 141 94 147 88 88 88 33 33 72 72 78 78 21 21 21 21 21 21 9 9 33 88 30 42 30 30 30 30 30 30 30 18 82 21 83 30 80 69 80 128 103 155 83 83 83 83 21 88 21 80 68 68 80 74 92 108 181 181 12 154 157 157 104 83 80 30 33 76 36 36 79 33 63 63 142 85 33 30 80 71 24 12 0 45 91 33 33 45 139 127 124 154 45 140 140 146
150 48 166 60 83 60 91 107 167 107 72 57 45 48 132 84 84 45 148 48 48 45 79 91 83 36 129 97 132 97 97 97 48 48 87 87 105 105 45 45 45 45 45 42 45 45 45 103 48 60 48 48 48 45 45 48 48 48 103 48 95 36 83 72 71 116 103 164 95 95 95 95 45 103 48 95 83 83 89 95 107 105 169 169 45 151 160 160 95 95 83 36 24 91 48 48 103 36 84 84 160 82 48 48 101 101 48 45 45 0 70 12 12 36 139 130 121 151 57 128 128 146
141 94 96 106 116 106 45 107 168 107 45 79 91 94 132 130 130 91 141 94 94 91 102 90 84 82 126 102 123 96 96 96 94 94 84 84 84 84 91 91 91 91 91 88 91 91 103 102 94 82 94 94 94 91 91 94 94 94 108 94 80 88 84 118 56 104 114 140 96 96 96 96 91 111 94 84 84 84 96 96 84 142 177 177 91 156 156 156 120 96 84 82 70 87 94 94 102 82 81 81 156 60 94 94 101 101 94 91 91 70 0 58 58 91 140 107 134 140 103 151 151 169
150 36 154 48 95 48 79 95 167 95 60 45 33 36 132 72 72 33 136 36 36 33 91 79 71 24 141 91 132 85 85 85 36 36 75 75 93 93 33 33 33 33 33 30 33 33 45 91 36 48 36 36 36 33 33 36 36 36 97 36 83 30 71 60 59 128 103 164 83 83 83 83 33 100 36 83 71 71 83 83 95 105 181 181 33 160 157 157 107 83 71 24 12 79 36 36 91 24 72 72 154 94 36 36 89 89 36 33 33 12 58 0 0 33 139 118 121 151 45 140 140 149
150 36 154 48 95 48 79 95 167 95 60 45 33 36 132 72 72 33 136 36 36 33 91 79 71 24 141 91 132 85 85 85 36 36 75 75 93 93 33 33 33 33 33 30 33 33 45 91 36 48 36 36 36 33 33 36 36 36 97 36 83 30 71 60 59 128 103 164 83 83 83 83 33 100 36 83 71 71 83 83 95 105 181 181 33 160 157 157 107 83 71 24 12 79 36 36 91 24 72 72 154 94 36 36 89 89 36 33 33 12 58 0 0 33 139 118 121 151 45 140 140 149
147 45 163 57 95 57 91 104 167 92 93 54 45 45 144 81 81 45 148 45 45 45 103 100 92 33 147 88 150 88 88 88 45 45 84 84 96 96 45 45 45 45 45 45 45 45 48 88 45 57 45 45 45 45 45 42 42 45 100 45 92 45 92 81 92 128 103 173 92 92 92 86 45 91 45 104 92 92 92 92 104 105 175 175 45 151 151 151 98 83 92 45 45 100 45 45 100 42 84 84 157 94 45 45 104 104 21 45 45 36 91 33 33 0 139 121 109 151 54 140 140 149
161 148 164 163 156 151 140 115 178 127 135 142 148 145 153 127 127 151 122 151 148 151 118 118 145 145 99 112 146 112 112 112 151 151 150 150 152 152 151 151 151 151 151 151 139 139 151 112 151 151 151 151 151 151 151 151 151 139 109 139 152 136 154 121 146 149 124 173 160 160 160 160 148 109 139 154 142 142 139 151 160 175 170 170 139 131 155 155 169 160 154 142 145 116 151 151 112 145 150 150 73 143 151 148 112 103 151 151 139 139 140 139 139 139 0 78 60 81 160 130 130 151
149 127 182 136 144 139 128 103 154 103 102 103 127 121 144 142 142 124 125 127 127 115 100 97 136 127 144 106 143 100 100 100 124 124 126 126 128 128 124 127 127 127 127 115 127 127 139 88 127 115 124 124 124 115 115 127 127 127 106 127 128 133 133 142 125 128 100 158 133 136 136 133 127 100 127 136 136 136 142 136 124 151 170 170 127 143 140 140 148 133 133 127 124 110 124 124 100 127 126 126 124 140 124 127 103 103 127 124 127 130 107 118 118 121 78 0 69 60 136 166 166 151
143 115 140 139 129 127 125 100 172 103 129 130 124 127 147 124 124 124 101 115 115 124 100 100 136 115 150 88 155 88 88 88 127 127 126 126 140 140 124 124 124 124 124 124 124 124 115 76 115 127 115 115 115 115 115 112 112 115 97 124 125 127 136 127 128 137 100 179 136 136 136 136 124 88 115 148 136 136 136 136 148 169 167 167 124 122 119 119 148 136 136 127 127 110 127 127 97 124 123 123 109 125 115 115 103 103 115 124 124 121 134 121 121 109 60 69 0 69 133 142 142 160
161 145 173 157 153 157 155 130 163 133 135 136 154 145 159 136 136 142 119 145 145 154 118 118 166 157 147 130 149 130 130 130 145 145 156 156 146 146 142 154 154 154 154 154 154 154 145 118 142 133 133 133 133 145 145 145 145 145 127 154 155 157 154 139 158 134 118 161 154 166 166 154 154 118 145 166 166 166 166 166 154 163 146 146 154 134 143 143 166 154 154 157 157 140 145 145 127 157 153 153 121 155 133 145 133 133 157 142 154 151 140 151 151 151 81 60 69 0 163 163 163 130
141 42 151 48 95 45 91 104 176 101 96 57 45 45 153 69 69 45 145 18 30 33 112 100 92 45 156 106 159 100 100 100 45 45 84 84 102 102 45 45 45 45 45 45 45 45 57 100 42 54 42 42 42 42 42 39 39 42 106 45 68 51 92 81 92 137 112 173 92 92 92 92 45 106 42 101 89 89 95 89 101 102 187 187 42 163 163 163 113 89 86 39 39 94 39 39 94 42 84 84 160 103 42 42 104 104 45 45 45 57 103 45 45 54 160 136 133 163 0 140 140 149
153 140 142 116 134 140 151 152 181 152 149 140 128 116 161 119 119 128 171 140 140 140 124 136 145 140 140 148 165 148 148 148 128 128 137 137 150 150 128 140 140 140 140 140 140 140 140 136 140 140 128 128 128 140 140 140 140 140 148 140 150 140 133 119 150 129 124 177 121 133 133 133 140 148 140 157 145 145 145 133 133 179 180 180 140 159 192 192 145 133 133 140 140 156 116 116 148 140 149 149 148 139 128 140 152 152 140 128 140 128 151 140 140 140 130 166 142 163 140 0 0 93
153 140 142 116 134 140 151 152 181 152 149 140 128 116 161 119 119 128 171 140 140 140 124 136 145 140 140 148 165 148 148 148 128 128 137 137 150 150 128 140 140 140 140 140 140 140 140 136 140 140 128 128 128 140 140 140 140 140 148 140 150 140 133 119 150 129 124 177 121 133 133 133 140 148 140 157 145 145 145 133 133 179 180 180 140 159 192 192 145 133 133 140 140 156 116 116 148 140 149 149 148 139 128 140 152 152 140 128 140 128 151 140 140 140 130 166 142 163 140 0 0 93
150 149 187 149 149 146 157 158 163 158 167 158 149 149 170 155 155 149 156 149 149 149 154 157 154 149 158 157 135 157 157 157 149 149 143 143 144 144 149 146 146 146 146 149 146 146 146 154 149 158 149 149 149 149 149 149 149 146 154 146 147 137 142 143 147 132 133 147 130 127 127 142 137 145 134 151 151 151 154 142 148 176 207 207 146 192 192 192 160 154 154 149 149 162 137 137 154 149 155 155 163 148 149 149 161 158 149 149 146 146 169 149 149 149 151 151 160 130 149 93 93 0
